SPY,IVV,VTI,VOO,VEA,QQQ,IEFA,AGG,EFA,VWO,7.689991670482313e-05,7.691166885001328e-05,7.604547629180196e-05,7.666800476757317e-05,5.700773241757982e-05,9.832641970191047e-05,5.613017192324426e-05,-2.580716469439234e-06,5.593912183970764e-05,6.940994447859708e-05,7.691166885001328e-05,7.709170981449287e-05,7.613500796844143e-05,7.676494842028495e-05,5.7040176402938314e-05,9.848276423904714e-05,5.6161198508257595e-05,-2.589035275413535e-06,5.5943787632959406e-05,6.955716389419738e-05,7.604547629180196e-05,7.613500796844143e-05,7.572483470732693e-05,7.58831211250728e-05,5.636883929623222e-05,9.736891334073772e-05,5.5470862734321235e-05,-2.6520002649660647e-06,5.527183924474873e-05,6.874550125151571e-05,7.666800476757317e-05,7.676494842028495e-05,7.58831211250728e-05,7.656103978191543e-05,5.670358709560087e-05,9.812163142951701e-05,5.5808665931572565e-05,-2.5322660549904206e-06,5.5587258510775864e-05,6.915495237383802e-05,5.700773241757982e-05,5.7040176402938314e-05,5.636883929623222e-05,5.670358709560087e-05,5.8709679195794675e-05,7.175852318599832e-05,5.79668886748891e-05,-1.8697836932727341e-06,5.7556886616327925e-05,6.869214571169472e-05,9.832641970191047e-05,9.848276423904714e-05,9.736891334073772e-05,9.812163142951701e-05,7.175852318599832e-05,0.00014571095014561942,7.024779618240816e-05,-1.9531668167647735e-06,6.98489914565145e-05,9.428634893511653e-05,5.613017192324426e-05,5.6161198508257595e-05,5.5470862734321235e-05,5.5808665931572565e-05,5.79668886748891e-05,7.024779618240816e-05,5.794335884731174e-05,-1.9164349245465053e-06,5.735539932885058e-05,6.65505376927835e-05,-2.580716469439234e-06,-2.589035275413535e-06,-2.6520002649660647e-06,-2.5322660549904206e-06,-1.8697836932727341e-06,-1.9531668167647735e-06,-1.9164349245465053e-06,2.5625522365749628e-06,-1.9149386458401745e-06,-1.1045608162106636e-06,5.593912183970764e-05,5.5943787632959406e-05,5.527183924474873e-05,5.5587258510775864e-05,5.7556886616327925e-05,6.98489914565145e-05,5.735539932885058e-05,-1.9149386458401745e-06,5.732165210750943e-05,6.633152120420744e-05,6.940994447859708e-05,6.955716389419738e-05,6.874550125151571e-05,6.915495237383802e-05,6.869214571169472e-05,9.428634893511653e-05,6.65505376927835e-05,-1.1045608162106636e-06,6.633152120420744e-05,0.00011546525482522042
