 ,SPY,IVV,VTI,VEA,QQQ,AGG,EFA,VWO,IJH,VTV,IWF,IJR,IWM,BND,VUG,IWD,VNQ,VIG,LQD,EEM,GLD,VO,VB,XLF,VYM,VEU,IVW,BSV,DIA,XLK,SHV,TIP,SHY,ITOT,VGT,IWB,MDY,IWR,SDY,XLV,DVY,MBB,HYG,RSP,PFF,IVE,EMB,IEF,VV,TLT,VGK,EWJ,XLY,VBR,MUB,VT,BIV,IAU,XLE,IGSB,XLP,IWP,IWS,ACWI,XLI,SCZ,XLU,IWV,VHT,IWO,VOE,GDX,FDN,IWN,VBK,JNK,EWZ
SPY,0.0013478022699149137,0.0013524982958383533,0.001412433500340751,0.0013816685981291542,0.0014364498785922105,-9.441712231245712e-05,0.0013695780276965336,0.0015333524793988726,0.0015804851115964259,0.0013475611568528546,0.001354242466342872,0.0016563202171257989,0.0017346805164648667,-8.448412237681022e-05,0.001389878507214491,0.001402624540651465,0.0014878781592064293,0.0011609107780414178,5.661139455457823e-05,0.0015622657153635193,-3.7037395526592616e-05,0.0015655623718562003,0.001706908301582097,0.0017106503356833663,0.0012051486030812326,0.0014386208913726168,0.0013281591801255932,-3.8507647809917846e-05,0.0012758764197253836,0.0013830920706608468,-3.101868961579369e-06,-6.696558950490708e-05,-3.702668712361525e-05,0.0013817993525068145,0.0015043185114843626,0.0013769453944263035,0.001578169840074808,0.001532583165725902,0.0011578306575613356,0.0010398092743313903,0.001119390221666535,-7.817034074828068e-05,0.0006386956971648597,0.001510330320619475,0.000599339075361387,0.001374690027552489,0.0003595977793908552,-0.00028401781309291306,0.001367564284934874,-0.0006697669748549503,0.0015099811594664746,0.000899690424534839,0.0014227564910159122,0.0016919318768018293,-4.880271209959965e-05,0.0014115991721890331,-0.00011396606168821882,-3.8098584741109754e-05,0.0016031179442125528,2.491804410503413e-05,0.0007046964899127032,0.0015527861050500834,0.001520241041969331,0.0014180807154745218,0.0016704036634763082,0.0013244394000587753,0.0005013527079669503,0.0014032541483631176,0.0011098905505326471,0.001752646688892115,0.0015380727831569628,0.0003122023809109775,0.0017257982962267046,0.0017182525793560692,0.0017211378920988288,0.0006723080501651334,0.001771883734850911
IVV,0.0013524982958383533,0.0013574478480902381,0.001417292976573532,0.0013882012995517906,0.0014400249530045262,-9.412469736526247e-05,0.0013760888803521659,0.0015417189663966986,0.0015848587713883306,0.0013525788605316036,0.0013587538856893548,0.0016608083196721064,0.0017397766495848583,-8.424400493182982e-05,0.0013943721803887804,0.001407756674303527,0.0014945032332201126,0.0011648735764359236,5.795631960539e-05,0.0015707837189275337,-3.5528255623922836e-05,0.0015706738641194599,0.0017120623109371737,0.0017163120814624334,0.0012095477870517606,0.0014456277855810972,0.0013326052778858384,-3.838362098386689e-05,0.001280934995430384,0.0013864492341116117,-3.113102986635981e-06,-6.60336922074128e-05,-3.7008726894683255e-05,0.0013866177333030777,0.0015079970976994244,0.0013817860516356177,0.0015825288585985609,0.0015377280119306942,0.0011620817026048395,0.0010449206554603361,0.0011238324521812596,-7.758148489041527e-05,0.0006420730964901228,0.001515680640969816,0.0006027378041419663,0.001379824483801511,0.0003638779318275099,-0.0002842586095675976,0.0013723499653330124,-0.0006728325421348198,0.0015174369069014004,0.0009024199861094013,0.0014273668922883298,0.001697188755628363,-4.802083117853636e-05,0.001417535622828405,-0.00011344511773915746,-3.657975055113438e-05,0.0016099494140766363,2.5005309152133278e-05,0.0007089140144040068,0.0015575489679589144,0.0015254531872377073,0.0014241070576564922,0.0016757375179793914,0.0013300140978058594,0.0005057116008511495,0.0014081021944401322,0.0011147501232834053,0.0017576944156795264,0.0015434560768554234,0.00031183305362708923,0.0017309414301412776,0.0017234404105131015,0.001726203935236644,0.0006760426121443289,0.0017817441947755956
VTI,0.001412433500340751,0.001417292976573532,0.0014918853427030622,0.0014505181199559512,0.0015062492978934311,-0.00010217819922873542,0.001436496296875883,0.0016280277264476223,0.001705111422129458,0.0014125838587637353,0.0014240042785447515,0.0018022873680789452,0.0018900319422525964,-9.15686500882969e-05,0.001464087882297183,0.0014769804219722594,0.0015801646547979685,0.0012121714407518653,5.613404703832125e-05,0.0016595887535313834,-3.325423956788708e-05,0.0016782658150060084,0.0018506692606118243,0.0018152574778160303,0.0012530445854329764,0.0015155078058115602,0.0013880739684205207,-4.143906713530967e-05,0.001326167698179286,0.0014364660607538399,-3.3810982433260062e-06,-7.180142536823354e-05,-3.9503546013302705e-05,0.0014564781070653407,0.001578806495683987,0.0014492487945183125,0.001702123914775054,0.0016416795087105056,0.0012123389903913224,0.0010827928861679768,0.0011715364945705633,-8.443455254365917e-05,0.0006818693616734113,0.0016052070390337823,0.0006429958891396867,0.0014455455503833727,0.000373039631578397,-0.00030556632461714486,0.00143675063639575,-0.0007215268138593767,0.001587205438920129,0.000935629373990742,0.0015094759333673569,0.0018272048412048016,-5.418955291032121e-05,0.0014869271299021796,-0.00012368768575715913,-3.450331811791845e-05,0.0016998605204007614,2.5771208343808535e-05,0.0007115488919548525,0.0016683503565235326,0.0016246439573760986,0.0014916306407922457,0.001762987072599239,0.0014027635734434653,0.0004923875611723109,0.0014818365653756062,0.0011691324600496113,0.0019148358680480411,0.0016422123048342968,0.00034464927388323796,0.0018558069547365138,0.0018665428992396507,0.0018745276786372859,0.0007188619975721661,0.0018480436517459306
VEA,0.0013816685981291542,0.0013882012995517906,0.0014505181199559512,0.0019752275798616253,0.0014962399163958617,-4.4582821963312546e-05,0.001961047082556219,0.002144462034839265,0.0016254484675387248,0.0013692805058642976,0.0014019957862677426,0.0016075768562342824,0.001714232035610058,-4.183497720252834e-05,0.0014541180325103864,0.001435717286247068,0.0015872192047431592,0.001152671162147198,0.00016004778944061379,0.0021879447624040572,0.00017177021942874329,0.0016484287710382512,0.0017262040204737374,0.001708755500780861,0.0012245144455362024,0.0020249171922625355,0.0013666966580212318,-1.472260320901247e-05,0.0012889533003028354,0.0014462938190937542,-2.6952737495900857e-06,-1.3726628587672558e-05,-2.8556768220706482e-05,0.0014123061599209258,0.0015840597055181533,0.0014173575873940238,0.001624568465668172,0.0015972155683400997,0.0011827091706477927,0.0010330249018616982,0.0011512160939719592,-3.644765716877527e-05,0.0008150045997574708,0.001578755501187536,0.0007929864231549345,0.0014026466098528466,0.0006040105692441454,-0.00023179739093187124,0.0014085118950377877,-0.0006864081009828083,0.0021938340982557195,0.001244750890084009,0.0013887586228370481,0.0017066195316652463,8.506826313667331e-06,0.0017341205418602323,-3.610831115514213e-05,0.00017378967162800144,0.0018150093320756853,5.070788695306456e-05,0.0006901954682157861,0.0016089312387925583,0.0015946491326400023,0.0017353168592498696,0.001682236129920699,0.0018988769025539793,0.0005607642271496182,0.0014394644605916604,0.0010890060625254852,0.001736189646532822,0.0016248588093665966,0.0006958472518701945,0.0018510064108884388,0.0016941061716650916,0.0017442166524022416,0.0008629776681884135,0.002563759475782964
QQQ,0.0014364498785922105,0.0014400249530045262,0.0015062492978934311,0.0014962399163958617,0.0018153654720842627,-9.087179391477691e-05,0.0014790082075044361,0.0016734067158234924,0.0016444064805384926,0.001337481072137372,0.0015361497252726574,0.0017279035964973268,0.001851958517815531,-7.474715698395881e-05,0.0015958286766365726,0.0014021137601518347,0.0014732292397072072,0.001164033593115266,5.8031622987981725e-05,0.0017174188509277758,7.995784452848783e-06,0.001669665448101362,0.0018057799019222018,0.0017536731589798944,0.0011905891758744696,0.001556903294844036,0.001510270354728563,-3.515744636529815e-05,0.0012807948064198957,0.001721972093840992,-3.6729699606571e-06,-5.5558690914620505e-05,-4.001691890262741e-05,0.0014661719104688811,0.0018923519329718816,0.0014683271099033754,0.0016420569524093365,0.0016136155057429123,0.0011188734253894876,0.0011032579874802764,0.0010620530678244924,-7.178469037138733e-05,0.0006557705076242427,0.0015686194595717262,0.0006521480459035605,0.0013582220593890547,0.00039649816326269434,-0.0002773594263295928,0.0014610761740777804,-0.000672065647240822,0.0016324808612139757,0.0010380764876407507,0.0015578738634223243,0.001731979270461106,-3.983339147540712e-05,0.001516020239986871,-9.991654714507886e-05,7.632943610166467e-06,0.0015074285768793133,2.796592368530435e-05,0.0006646865477982556,0.0017096668496439373,0.001537572543193246,0.001523735346910136,0.001653852800995435,0.0014722892464880306,0.00039611901766526016,0.0014954072083498689,0.0012071769338525464,0.0019487293854686893,0.0015694864239108616,0.00030081958845347396,0.0021352516223646207,0.0017546983495230668,0.0018855196637179294,0.0007023916127020946,0.0018113638068625684
AGG,-9.441712231245712e-05,-9.412469736526247e-05,-0.00010217819922873542,-4.4582821963312546e-05,-9.087179391477691e-05,8.273944099101402e-05,-4.614495577716311e-05,1.8693583626904077e-05,-0.0001225649106557213,-0.00010692195744883972,-8.526454587432e-05,-0.00016969390064440178,-0.00017011070034615906,8.141572631569592e-05,-8.2401303204737e-05,-0.00010837841250820104,5.198133247157545e-05,-6.885741319039697e-05,0.00011240052080182053,1.2737239737897264e-05,0.00016510449427322273,-0.0001091064261356122,-0.00014584800053053085,-0.0002389043555234501,-6.967313798437147e-05,-3.4446836326708104e-05,-8.40452316174576e-05,3.4058451974393416e-05,-9.229065593551384e-05,-7.91751895612537e-05,1.0071376307369123e-06,0.00010211014070561557,1.796272780061177e-05,-9.674923735400325e-05,-0.00010006647904710294,-9.68384968391146e-05,-0.00012217610985542238,-0.00010689247155704997,-4.50346919986802e-05,-4.917986139998014e-05,-3.872401736612059e-05,6.262580151859018e-05,-8.511237842171589e-07,-0.00010768696267147777,2.4792699473103064e-05,-0.00010632938564897198,0.00010118224831695766,0.00014064912991462803,-9.60364188115932e-05,0.0002747513638824716,-5.022283433260979e-05,-6.246966746605736e-05,-0.00011049920728009572,-0.0001443456336148319,8.710240227307694e-05,-6.590557151734259e-05,0.00011216763585582441,0.0001654887696242329,-0.000145029812917117,1.9035936366426555e-05,3.16191130711015e-05,-0.00010907293229136552,-0.00010072128883712867,-6.542036028270678e-05,-0.00014409224630122306,-4.100801439551105e-05,0.00011218535290692204,-0.00010208316025545214,-6.803068199724398e-05,-0.0001709730180041299,-0.0001105204673580532,0.00024060876936769272,-0.0001480205135021915,-0.00016796088980757816,-0.0001457472767318302,1.7669131845213451e-06,6.27167213175319e-06
EFA,0.0013695780276965336,0.0013760888803521659,0.001436496296875883,0.001961047082556219,0.0014790082075044361,-4.614495577716311e-05,0.0019527433439811368,0.0021086141247368554,0.0016047732726779558,0.001359399949516823,0.001387282867669288,0.0015885839193259315,0.001691975554659377,-4.406168185476919e-05,0.0014385287558097376,0.0014236209573337138,0.0015601741493967214,0.0011443292759418053,0.00015516661587330953,0.002149988323165862,0.0001444455543645665,0.0016280448240567494,0.0017027629160828522,0.0017025151377396024,0.0012136200698050913,0.0020072562014453905,0.0013536516284421663,-1.618367412661066e-05,0.0012778453158252426,0.0014264805088387749,-2.657659147468573e-06,-1.4431995661303941e-05,-2.8765301602273914e-05,0.0013982207587896302,0.0015595112920464113,0.0014042098548502464,0.0016039283662708248,0.0015777570050756003,0.0011743494274292592,0.0010251160514583542,0.0011424822212310008,-3.691941750995123e-05,0.00080279659677424,0.0015616567867539819,0.0007785504119637681,0.0013916481374015596,0.0005957330194387159,-0.00023361358851360338,0.001395723939240828,-0.000685762441747613,0.0021856330823987057,0.0012382229074558737,0.0013829058756434404,0.0016859851306143556,7.2532668518088155e-06,0.001718196130023245,-3.940834897706791e-05,0.00014625819687497115,0.0017836080992808946,4.876954982915601e-05,0.0006908112937754177,0.0015866951795480097,0.0015754598138084963,0.0017195264814838073,0.0016664692653141277,0.0018862160520267143,0.0005589916826880315,0.0014255122941330218,0.0010782670469138258,0.0017112769003687976,0.0016084905473564566,0.000628673282223137,0.0018328439468189715,0.001674368056980357,0.0017175798404054142,0.0008512701156500035,0.0025315063800053473
VWO,0.0015333524793988726,0.0015417189663966986,0.0016280277264476223,0.002144462034839265,0.0016734067158234924,1.8693583626904077e-05,0.0021086141247368554,0.0032722054816173404,0.0018905079931775118,0.0015129742554289003,0.0015558521892184997,0.0018407981230182332,0.0019856135152847305,1.8318536516526982e-05,0.0016336537410576982,0.0016195198907241837,0.0020217945697176974,0.0012704362061283132,0.00031224776828773474,0.0033123619902934525,0.0007637333710718316,0.0019259764864394762,0.0020191710160449095,0.0018587097600878404,0.0013486134202781684,0.002420368278021949,0.0015075081836410894,9.334223080221063e-06,0.0013917953869921045,0.0016368604013808207,-2.13854093907183e-06,0.00011061414056155566,-1.75018512500074e-05,0.0015850585258829863,0.0017789676559118802,0.0015862983826722113,0.0018892877937056454,0.0018518455766623073,0.0013405767267119803,0.0010330789671523187,0.0013194916810725676,3.901107277312459e-06,0.0010284902050505193,0.0018134189344386912,0.0010377318342508672,0.0015686984802964772,0.0009216585763946164,-0.00015434952686780142,0.001572993265535392,-0.0005786979068618559,0.0023441707013161397,0.0010904157523936213,0.0015097481716300704,0.001985266789080381,7.505687530016297e-05,0.00201143636480897,6.01003132314477e-05,0.0007658928367673455,0.0022346573538010576,6.911015985622767e-05,0.0007528292705173357,0.0018697947935374104,0.0018595953075372447,0.002022148809838653,0.0018474734410393384,0.002048182929360816,0.0007178949529195912,0.0016158825279323128,0.0011031253286113317,0.002014118037875785,0.001866645907526565,0.0019653385568903265,0.0021117373681947354,0.0019609768346213734,0.002053485619936159,0.0011027874894291528,0.004188182590412273
IJH,0.0015804851115964259,0.0015848587713883306,0.001705111422129458,0.0016254484675387248,0.0016444064805384926,-0.0001225649106557213,0.0016047732726779558,0.0018905079931775118,0.002109821308260175,0.0015990505786171163,0.0015924271382424117,0.0022529510087693767,0.0023429128333366444,-0.00011036401299567332,0.001639655361644579,0.0016925852826298212,0.0018985181282825156,0.0013670632552007015,4.92354861484333e-05,0.001932304032934218,-1.3172104325969323e-05,0.002010942523098555,0.002281860965831029,0.002097368541873316,0.0013954696079653524,0.0017185598754021342,0.00152508317936942,-5.026699189713474e-05,0.001467472047414894,0.0015405993451580889,-4.523863284353018e-06,-8.236519024707657e-05,-4.635544121355539e-05,0.0016585622982986724,0.0017353239117231952,0.0016417546398375664,0.002105021182654172,0.0019665989304826956,0.001404405315825793,0.001131316485542871,0.001359812156705919,-0.00010163350889368021,0.0008012609798707718,0.001888227772185282,0.0007704438072449652,0.0016504858953987572,0.00040211252083698247,-0.00035730189329933405,0.0016175480151882147,-0.0008336626281021059,0.0017799774697216046,0.001013344715206779,0.0017472083838730615,0.002249794124552581,-6.635420167423066e-05,0.001685886514365453,-0.00015128754856509182,-1.4979669286855112e-05,0.0020300346746084477,2.525678708205861e-05,0.0007340825397611962,0.0019939041317116085,0.0019546150474805788,0.001685211370624495,0.002052564005411481,0.001589564977110813,0.0004943385081150917,0.001693824704678159,0.0012612478044519448,0.0023618120457818007,0.0019635444185338675,0.0005218345965086116,0.002150850479146911,0.002324140215285647,0.002312371653861857,0.0008470280034726347,0.002051314864672306
VTV,0.0013475611568528546,0.0013525788605316036,0.0014125838587637353,0.0013692805058642976,0.001337481072137372,-0.00010692195744883972,0.001359399949516823,0.0015129742554289003,0.0015990505786171163,0.001405878753341583,0.0013003227160315184,0.0016865456419508063,0.0017470299168286043,-9.919410541298448e-05,0.0013241811288925963,0.0014560251359414461,0.0015372360854903004,0.00117492296593319,4.561809437496209e-05,0.0015379422735468942,-0.00010423147772808658,0.0015656431250788828,0.0017209163023379334,0.0018119262689679626,0.0012531370964666525,0.0014281884627805217,0.0012760694629152269,-4.5432450492346675e-05,0.0013053247211438242,0.0012944310939249908,-3.5563171834125066e-06,-8.937279363450243e-05,-4.010623681906516e-05,0.0013842199004596805,0.0013997738057197463,0.0013761737808582913,0.0015967176152239483,0.001540349471178392,0.0012028208642687961,0.0010257013011898534,0.0011716991958995364,-8.923920188739418e-05,0.000646586826847687,0.0015322748349705752,0.0006103456047972547,0.0014331018695767925,0.0003393276453433485,-0.0003096113507627841,0.0013656633725311258,-0.0007111404172756524,0.00149995715889285,0.0008715308912336449,0.001403131999992728,0.0017400901927816929,-5.52099954375181e-05,0.0014063158769442312,-0.00013418212191632664,-0.00010552537927854163,0.0016523111878862095,2.264363895952557e-05,0.0007164130886062471,0.0015156464825322048,0.0015650666247657725,0.0014117525654170691,0.0017169278721092308,0.001293505977203771,0.0005321439098735305,0.0014033255026949076,0.001085928194699996,0.001719545861805588,0.0015831971400646454,0.0002679828774695289,0.0016080973761674144,0.001778211475478977,0.0016957918407621386,0.0006745993960724794,0.001830273946332912
IWF,0.001354242466342872,0.0013587538856893548,0.0014240042785447515,0.0014019957862677426,0.0015361497252726574,-8.526454587432e-05,0.001387282867669288,0.0015558521892184997,0.0015924271382424117,0.0013003227160315184,0.0014237992024208402,0.0016552623837690977,0.0017537144510606788,-7.265898767879424e-05,0.0014628256173284642,0.0013540513844178083,0.0014369190593076305,0.001159001631322295,6.184002974760071e-05,0.0015897926643766702,3.870434340737068e-05,0.0015897031101339476,0.0017230603110281466,0.001622996928620706,0.0011592372683257893,0.0014563452740246011,0.0013824863482536965,-3.1754678783776495e-05,0.001256680664186311,0.001463569364341501,-2.606483230536894e-06,-4.7619824588517374e-05,-3.3694500911100596e-05,0.0013895660562628367,0.0016099228927629722,0.0013879190776788708,0.001589588415225312,0.0015478060656887443,0.001116989605951917,0.0010693349390422846,0.0010672735014375066,-6.81972698004406e-05,0.0006301366296001771,0.0015054523623198976,0.0005954678930064657,0.0013269570644412981,0.00037194107046109994,-0.000263908997697601,0.0013783495189570053,-0.0006522915159013478,0.0015306068900363878,0.0009316392866880772,0.0014649619266414978,0.001669418310946704,-4.325561151711608e-05,0.0014261778060203774,-9.68579437131706e-05,3.7681408588479e-05,0.001541375663302705,2.6259305470767822e-05,0.0006861323466675692,0.001623272049557299,0.0014895699615154504,0.001432770296951322,0.0016497967081847331,0.0013714248772889995,0.0004501165910525727,0.001415191155260411,0.0011540827303265092,0.0018249123785589589,0.0015144432142139706,0.00033890013762361834,0.0018686648453377446,0.0016814448082189772,0.0017822289718506365,0.0006697029807717113,0.0017078979095556392
IJR,0.0016563202171257989,0.0016608083196721064,0.0018022873680789452,0.0016075768562342824,0.0017279035964973268,-0.00016969390064440178,0.0015885839193259315,0.0018407981230182332,0.0022529510087693767,0.0016865456419508063,0.0016552623837690977,0.0025869020560153823,0.0026515545008269424,-0.00015647680170132377,0.0017028624601552413,0.0017887611667025646,0.0018795934153527176,0.0014149808730142444,-1.0625107983957541e-05,0.001893198183467376,-0.0002257908012990521,0.0021049301111548853,0.0025039865765011564,0.0023196849787795125,0.0014625032308760563,0.0016950543133040943,0.0015863404232158765,-7.126075908580538e-05,0.0015265739392372553,0.001607739089826919,-5.548137482396197e-06,-0.00014287269128252978,-5.683084456461091e-05,0.0017516997637274667,0.001821805729296355,0.0017214245309893099,0.002247262925244743,0.002062193149136717,0.001469790421172417,0.0011660235951976457,0.0014255819867098765,-0.00014063424462034584,0.000801263787523254,0.0019821288148682064,0.0007231393585494538,0.0017441818061281129,0.0003221919153372793,-0.00043845058795894076,0.0016927551311625689,-0.0009700726525957224,0.0017621316678806877,0.00102669895444578,0.001861638086816828,0.002478026075212115,-0.00011263908248410301,0.0017143691698343305,-0.00021820028102800926,-0.00022705817054599514,0.0021041553234618653,1.267636427673667e-05,0.000711745821539851,0.0020920775326428863,0.0020553015984408744,0.00171164947908093,0.0021686858873877558,0.0015724238231379414,0.00040299153936611455,0.0017901673634937393,0.0013300471673969435,0.0026592357639695324,0.0020646022224895047,0.0001756618106893359,0.0023052629000153402,0.0026435540738769295,0.002529963044480754,0.0008427718596421386,0.0018423086743552023
IWM,0.0017346805164648667,0.0017397766495848583,0.0018900319422525964,0.001714232035610058,0.001851958517815531,-0.00017011070034615906,0.001691975554659377,0.0019856135152847305,0.0023429128333366444,0.0017470299168286043,0.0017537144510606788,0.0026515545008269424,0.002771426289692874,-0.00015637633755694676,0.0018115930893422237,0.0018581756084844608,0.001952018650733049,0.0014617165805991318,2.5043101992161553e-06,0.002035582963771185,-0.00016584630281337524,0.0022186177347106105,0.0026188170203757057,0.0024086603350147633,0.0015035775861728428,0.0018121780011596234,0.001680116035793395,-7.057395028682651e-05,0.0015821722813579345,0.0017078850652752166,-5.590114472847568e-06,-0.00013795736536224834,-5.806304853981741e-05,0.0018336544041164967,0.0019496029796381448,0.0018051179267558899,0.0023362414451569146,0.0021679678628762616,0.0014959493215766359,0.0012661153731629838,0.0014450817459322795,-0.00014078961778811558,0.0008496935855203242,0.0020715218060063274,0.0007887282986835226,0.0018049178876651144,0.00036478346604912137,-0.00044830417082214864,0.0017761419555859727,-0.0010126055431068145,0.001879911280280055,0.001095339287576624,0.001943229685425185,0.0025662855978305908,-0.00011372527093828317,0.0018168102034352947,-0.00021568142529167778,-0.00016719263771987824,0.0021751198249675653,1.603956791506075e-05,0.0007151782056222268,0.002217161054311636,0.002139346459906015,0.0018100310576449612,0.002241399073429211,0.0016977504236458994,0.0003944952358306363,0.0018770426807406633,0.001447614250241872,0.0028144882718037865,0.0021519415999340314,0.000326359416939314,0.0025026285564384958,0.0027272311198199522,0.0026770020253475005,0.0008975562514260098,0.002031711677262451
BND,-8.448412237681022e-05,-8.424400493182982e-05,-9.15686500882969e-05,-4.183497720252834e-05,-7.474715698395881e-05,8.141572631569592e-05,-4.406168185476919e-05,1.8318536516526982e-05,-0.00011036401299567332,-9.919410541298448e-05,-7.265898767879424e-05,-0.00015647680170132377,-0.00015637633755694676,8.310194257457777e-05,-6.963807195358793e-05,-0.00010020841553517207,6.559770177461463e-05,-5.934074997246067e-05,0.00011164237061070705,1.257894436740186e-05,0.00017315863395047713,-9.612404282360496e-05,-0.0001323305866549084,-0.00023185546556792546,-6.135892627003147e-05,-3.229341786735415e-05,-7.169902007960648e-05,3.509730550996438e-05,-8.157738416100275e-05,-6.6163642737907e-05,9.862135011793748e-07,0.00010617061620812857,1.8009565307779544e-05,-8.658422818783711e-05,-8.500015500839529e-05,-8.67002891195333e-05,-0.00010981720625057483,-9.47868483957505e-05,-3.7926646656683586e-05,-4.371865595396039e-05,-3.304802787243281e-05,6.141913972742522e-05,2.965431237401583e-06,-9.646550779826406e-05,2.6795460075085085e-05,-9.921547712264875e-05,9.853844002211512e-05,0.00014120282741417005,-8.584248889472697e-05,0.0002733702876133794,-4.553961012156386e-05,-6.564986345467306e-05,-9.403313932193555e-05,-0.00013229778476678497,8.905477007349024e-05,-5.9304597948121464e-05,0.0001132272710751241,0.00017350047983254462,-0.0001344967141584951,1.93117831232484e-05,3.4837824436336845e-05,-9.507470670197467e-05,-9.035385157957356e-05,-5.903184469280522e-05,-0.000127872220601412,-3.666547642643041e-05,0.00010721132405772919,-9.153742732912144e-05,-6.197873402265152e-05,-0.00015624832727415962,-9.853436232679615e-05,0.00024663153479643606,-0.00013207793061802866,-0.00015553964792668683,-0.00013071528347059877,5.2951286809981625e-06,-3.316522561666575e-06
VUG,0.001389878507214491,0.0013943721803887804,0.001464087882297183,0.0014541180325103864,0.0015958286766365726,-8.2401303204737e-05,0.0014385287558097376,0.0016336537410576982,0.001639655361644579,0.0013241811288925963,0.0014628256173284642,0.0017028624601552413,0.0018115930893422237,-6.963807195358793e-05,0.001516106463928416,0.0013900369128274795,0.0015060515821660012,0.0011781446807094661,7.396578118127635e-05,0.0016678757300287877,5.871858934033021e-05,0.0016446602239436662,0.0017798231014647834,0.0016626976364566878,0.0011806653608966015,0.001514843984087278,0.00142628457873902,-3.110071776111621e-05,0.001273623298968877,0.0015148359408188102,-2.7614836938011388e-06,-4.1735176604208836e-05,-3.4674070374233676e-05,0.001426998197749152,0.0016703846549553252,0.0014258026913082896,0.0016369315746683905,0.0015991566371514516,0.001140233997236917,0.0010931203024442764,0.001090323366973169,-6.731762106004242e-05,0.0006632217155772736,0.0015495631267911313,0.0006297504694719245,0.0013542126191980037,0.000401747908454917,-0.0002657494502314531,0.0014158576368536136,-0.0006565098294940602,0.0015875514232323424,0.0009597310068532297,0.0015015768655143294,0.001719044082692622,-3.8173524915620954e-05,0.0014740509398598533,-9.282059271000333e-05,5.754699960698763e-05,0.0015935786773790422,2.908012612504864e-05,0.0007023996173531043,0.0016753444991293406,0.0015396006786038297,0.001480904343186701,0.0016759444474698515,0.0014269897365443089,0.0004691782074110526,0.0014542767531599114,0.0011840468859184126,0.001888167310443842,0.0015598163740944166,0.000401909249233768,0.0019518810020367683,0.0017338770066577368,0.001846722358587425,0.0007065225525230898,0.0017989072109539795
IWD,0.001402624540651465,0.001407756674303527,0.0014769804219722594,0.001435717286247068,0.0014021137601518347,-0.00010837841250820104,0.0014236209573337138,0.0016195198907241837,0.0016925852826298212,0.0014560251359414461,0.0013540513844178083,0.0017887611667025646,0.0018581756084844608,-0.00010020841553517207,0.0013900369128274795,0.0015221576738277819,0.001645099630253426,0.001212607082773119,5.500622494292047e-05,0.0016456745491306261,-7.80314334031176e-05,0.0016569434989891429,0.0018291405273738177,0.0018873917950726895,0.0012949517273462192,0.0015053643019120268,0.001330665079716745,-4.6579298783734e-05,0.0013430586509326206,0.0013508069705123079,-3.7745462621162916e-06,-8.598663710389157e-05,-4.215361360901667e-05,0.001445499829109742,0.001468849561230389,0.0014360442897465543,0.0016901915163354904,0.001628492214529161,0.0012501767044531822,0.0010506910904841565,0.0012208785376488823,-9.14969136632909e-05,0.0006938767732865467,0.0016107205776640012,0.0006527658671452694,0.001489564277026846,0.0003687177068114015,-0.0003207350917811183,0.0014235100945694515,-0.0007332413716565829,0.0015736060828974048,0.000897267763664858,0.0014668207615099983,0.0018433882440281628,-5.427682229389083e-05,0.0014748556402567044,-0.00013670312789571546,-7.93580183640025e-05,0.0017623473390380032,2.498018547762369e-05,0.0007323562513158881,0.0016011529873084262,0.0016562543997062711,0.0014794776475844968,0.0017825512993569449,0.0013607770658988355,0.0005465685453591134,0.0014668361784990441,0.0011208095095561197,0.001830769753813333,0.0016675428955054607,0.0003682360664320301,0.0017136601446259524,0.0018890344431713385,0.0018089973827315178,0.0007259856855487629,0.0019469827474060293
VNQ,0.0014878781592064293,0.0014945032332201126,0.0015801646547979685,0.0015872192047431592,0.0014732292397072072,5.198133247157545e-05,0.0015601741493967214,0.0020217945697176974,0.0018985181282825156,0.0015372360854903004,0.0014369190593076305,0.0018795934153527176,0.001952018650733049,6.559770177461463e-05,0.0015060515821660012,0.001645099630253426,0.0031212511868673413,0.0012934804030736516,0.0003201867451822238,0.0020405057305421122,0.00043566280303165573,0.0019011103269511616,0.0020275164332289957,0.0016696496046783073,0.0014336869359383266,0.0017191576982180212,0.001423200931516674,1.3256968963555664e-05,0.0014014833728744976,0.0013921700043178099,-1.6521171561591761e-06,0.0001225503936018065,-1.913776981048317e-05,0.0015533678337039418,0.0014946814369560305,0.0015385213696714366,0.0018984816059472963,0.0018693772079835635,0.001489693033991524,0.0010389993049149209,0.0015209106669997917,3.338266145467059e-05,0.000950239741135744,0.001810217095467687,0.0011065851902546128,0.001567282339085286,0.0006914735013844619,-6.773646135088152e-05,0.0015155426841862855,-0.00023376418549503006,0.0017286046360931446,0.0007796630646316246,0.001621648780133553,0.0020536163435871248,0.00020861347681253042,0.0016310581942754418,7.715474483140005e-05,0.0004332018437261547,0.0018234533131508013,7.358144900100716e-05,0.0009828856387944904,0.0017862227885699583,0.0019575071171735376,0.0016399527419665438,0.001874133492578113,0.0014816723362425159,0.001180307783591154,0.0015661215849066316,0.001090236144162843,0.0018438457131774914,0.0019046555385567683,0.001388511838186143,0.0018470512883028139,0.0020647648122650705,0.0019895169074805575,0.000977974791918005,0.0023731317779736062
VIG,0.0011609107780414178,0.0011648735764359236,0.0012121714407518653,0.001152671162147198,0.001164033593115266,-6.885741319039697e-05,0.0011443292759418053,0.0012704362061283132,0.0013670632552007015,0.00117492296593319,0.001159001631322295,0.0014149808730142444,0.0014617165805991318,-5.934074997246067e-05,0.0011781446807094661,0.001212607082773119,0.0012934804030736516,0.001079613312171271,5.315022570605748e-05,0.0012942192311125506,3.5652369816474214e-05,0.0013403202094710567,0.0014484397166927,0.0013854271721581806,0.0010743602419658338,0.0011968846626281254,0.001134788398544934,-2.654920988939414e-05,0.0011337603863928486,0.0011301019972333487,-1.8940047757549184e-06,-3.933471703017348e-05,-2.628601785189687e-05,0.0011893978938595524,0.0012197678719944925,0.0011843650960239112,0.001364790879111267,0.0013171853452864613,0.0010701800233544087,0.0009236129180592412,0.0010266131276912567,-5.9639292216811535e-05,0.0005305497442952391,0.0013019876810573781,0.00048129326168510516,0.001195218570842493,0.0003051632226554427,-0.00021231664696693057,0.0011761623671689553,-0.0005075634503447665,0.0012588919098929182,0.0007383672437783258,0.0012339584822958095,0.0014436512563576964,-2.9253621114445218e-05,0.0011949973180281472,-8.200231947939631e-05,3.447164374670677e-05,0.0013410409458968857,2.087848588667358e-05,0.0007232726310596728,0.0013347229215786144,0.001306973040962197,0.0012007148624315843,0.001490147033927042,0.0011012827768925914,0.0005269933658086682,0.0012055700948486142,0.000968359836834743,0.0014730593468038015,0.0013269928377936532,0.00033005284371269845,0.0013789928187111086,0.0014510030739958207,0.001452935286229887,0.000553499359559616,0.0014848681620463786
LQD,5.661139455457823e-05,5.795631960539e-05,5.613404703832125e-05,0.00016004778944061379,5.8031622987981725e-05,0.00011240052080182053,0.00015516661587330953,0.00031224776828773474,4.92354861484333e-05,4.561809437496209e-05,6.184002974760071e-05,-1.0625107983957541e-05,2.5043101992161553e-06,0.00011164237061070705,7.396578118127635e-05,5.500622494292047e-05,0.0003201867451822238,5.315022570605748e-05,0.00022641250476529778,0.0003129750268002676,0.00023620580498974207,7.351512760758203e-05,3.726723505894398e-05,-4.8647987659184286e-05,6.464039257585307e-05,0.00019688186228547055,5.875860473476864e-05,4.446003906627354e-05,5.3731955083940914e-05,6.977575822516656e-05,7.972218996007772e-07,0.00014600767936534743,1.842132375057602e-05,5.98575930936079e-05,5.4574670388601466e-05,5.817332051611842e-05,4.964389584681095e-05,7.159907660674767e-05,8.596869758204146e-05,5.330731185640746e-05,9.319117311941698e-05,7.716621766387499e-05,0.0001345627890446983,6.893668403238083e-05,0.0001770425714533555,5.470928408258631e-05,0.0002463692175818156,0.0001567079637436745,5.7876673860293215e-05,0.0002910996181232602,0.0001822359167000237,1.8829616758995867e-05,4.125604632829961e-05,3.721041791376424e-05,0.0001256159170499677,0.00012825339459429777,0.0001569513117080193,0.00023613287221765849,5.832595950562224e-05,4.045302244536602e-05,0.0001289164942984452,6.446668398024376e-05,8.488653358042664e-05,0.00012879929091449946,2.9119264620905432e-05,0.00015408487147516837,0.00020472142118828116,5.3914485008506385e-05,3.5968424739664276e-05,-1.4093720386744136e-06,7.336416778605947e-05,0.0004476098064965969,2.616360841127709e-05,9.760619706244064e-06,3.732752755350314e-05,0.00014463830821394638,0.0003832225956744964
EEM,0.0015622657153635193,0.0015707837189275337,0.0016595887535313834,0.0021879447624040572,0.0017174188509277758,1.2737239737897264e-05,0.002149988323165862,0.0033123619902934525,0.001932304032934218,0.0015379422735468942,0.0015897926643766702,0.001893198183467376,0.002035582963771185,1.257894436740186e-05,0.0016678757300287877,0.0016456745491306261,0.0020405057305421122,0.0012942192311125506,0.0003129750268002676,0.0033822607709323932,0.0007750751013201428,0.0019622696198341753,0.002066115046456563,0.001895268907534436,0.001368228111276214,0.0024673819635254333,0.0015392805809122689,5.950353500721903e-06,0.0014221677887967517,0.00168572237105058,-2.3649240951979265e-06,0.0001004659637699664,-2.0180558779309884e-05,0.0016155335944460052,0.0018356995026607625,0.0016163882838799032,0.0019312612158491043,0.0018882357754388907,0.0013608029601323772,0.0010291403334517868,0.0013409926205183431,-2.15448122848439e-06,0.0010462168278191672,0.0018476060790263392,0.0010578669547692144,0.0015942183535625927,0.0009255650791699712,-0.00016807144469762762,0.0016025944920861229,-0.0006050580800640761,0.0023999979090820476,0.0010953622325668968,0.0015374466437972152,0.00202852644133165,6.966595577949882e-05,0.0020500023155354667,5.1782002692495925e-05,0.0007772841095294838,0.0022800636236017294,6.910269250969172e-05,0.0007439865674740601,0.0019096374831117304,0.0018932705304480065,0.0020602571221387863,0.001895276259164322,0.002092177224395946,0.0007085119511106003,0.0016470987205378126,0.0011021812019085177,0.0020642493369979957,0.0019020069214786934,0.0020248764430916034,0.0021764493558871618,0.002010840092267162,0.0021044721052702435,0.001118852699352064,0.004216109535191506
GLD,-3.7037395526592616e-05,-3.5528255623922836e-05,-3.325423956788708e-05,0.00017177021942874329,7.995784452848783e-06,0.00016510449427322273,0.0001444455543645665,0.0007637333710718316,-1.3172104325969323e-05,-0.00010423147772808658,3.870434340737068e-05,-0.0002257908012990521,-0.00016584630281337524,0.00017315863395047713,5.871858934033021e-05,-7.80314334031176e-05,0.00043566280303165573,3.5652369816474214e-05,0.00023620580498974207,0.0007750751013201428,0.0021712873364300904,6.455046707436855e-05,-6.1664852774848e-05,-0.0006848012835667374,-3.5866986493602117e-05,0.0003251143261583773,1.0814552477198303e-05,7.940029868619037e-05,-2.841237294023247e-05,-1.860961896067943e-05,1.3584887906225542e-06,0.0003081200239081035,3.811526049625526e-05,-3.882159292831146e-05,-1.9346294365804783e-05,-2.168889591400434e-05,-1.4198136931343963e-05,5.2108750185349736e-05,4.106124956958508e-05,-5.749587231797521e-05,4.9768596206139534e-05,0.00011752071583147,0.00015861127527886615,3.231642533347119e-05,0.00020725567206919608,-9.84142732744267e-05,0.0004009202062793839,0.0003057904133901394,-2.0278242381228696e-05,0.00045981142032960106,0.00018485507094776884,-0.0002343766383435616,3.01409892345275e-06,-0.00012221839153110848,0.00016165793961489438,0.00015902572507228428,0.0002600547835250956,0.002175104195133016,0.0003025397700710002,3.747430114856145e-05,0.00013954227004201808,9.788814674321854e-05,1.2619479701385641e-05,0.00016268322572104299,-9.655528330651438e-05,0.0002221741735326447,0.0002649042886811222,-3.13204343932752e-05,-9.733023130791263e-05,-0.00013447534181058884,-7.0210818665981896e-06,0.0037762557155592495,7.559547747047844e-05,-0.00021167803338800588,1.0942935035117768e-06,0.0001737174428426216,0.0013803926052720595
VO,0.0015655623718562003,0.0015706738641194599,0.0016782658150060084,0.0016484287710382512,0.001669665448101362,-0.0001091064261356122,0.0016280448240567494,0.0019259764864394762,0.002010942523098555,0.0015656431250788828,0.0015897031101339476,0.0021049301111548853,0.0022186177347106105,-9.612404282360496e-05,0.0016446602239436662,0.0016569434989891429,0.0019011103269511616,0.0013403202094710567,7.351512760758203e-05,0.0019622696198341753,6.455046707436855e-05,0.001982614993734846,0.002182306002108359,0.0020358740235229844,0.0013690142106645006,0.0017425799387348845,0.001532183436757323,-4.4036119479533204e-05,0.001442195752508803,0.0015580275368963271,-4.0072204461433495e-06,-7.655918809372076e-05,-4.446112420076829e-05,0.0016320832239907223,0.0017507013376910554,0.0016223883310171445,0.0020071785366675143,0.001926639469889468,0.0013538178248051352,0.0011645579687555871,0.0013122848369394868,-8.994541902122396e-05,0.0008162006215931443,0.0018549537877030596,0.0008028010588901833,0.0016110566136613718,0.00044320100947661757,-0.0003377981247978053,0.0016022396177099462,-0.0008054635173986681,0.001814837064953175,0.0010055501664803551,0.0017223514317812273,0.002135022919432144,-4.52211736848858e-05,0.001687237843125854,-0.00013083852186914548,6.268535320837848e-05,0.001940178218089414,3.117107977655831e-05,0.0007640611201771842,0.0019676156495778883,0.0018993459679691588,0.0016888206198001948,0.001990717218441442,0.0016194008039751328,0.0005180032198188147,0.0016662931273828483,0.0012842241194952427,0.002260623781435472,0.0019219861057103644,0.0005761727352951423,0.0021656173959450783,0.0021759266260891145,0.0022304140610888553,0.0008640112868153663,0.0021762983810427023
VB,0.001706908301582097,0.0017120623109371737,0.0018506692606118243,0.0017262040204737374,0.0018057799019222018,-0.00014584800053053085,0.0017027629160828522,0.0020191710160449095,0.002281860965831029,0.0017209163023379334,0.0017230603110281466,0.0025039865765011564,0.0026188170203757057,-0.0001323305866549084,0.0017798231014647834,0.0018291405273738177,0.0020275164332289957,0.0014484397166927,3.726723505894398e-05,0.002066115046456563,-6.1664852774848e-05,0.002182306002108359,0.002524263170068818,0.0023080419216252456,0.0014904360649598063,0.001829006695952149,0.0016512001978663889,-5.995960443144612e-05,0.0015643382050552007,0.0016773079730054198,-4.672369951489436e-06,-0.00011084070384060805,-5.309384412620739e-05,0.0017968652314751302,0.0019043209277200697,0.0017751575568999026,0.0022759164675652055,0.00213191985362353,0.001482714770140638,0.0012304274886645846,0.0014360187763200788,-0.00012077597003320377,0.000867373683172934,0.0020433354719208503,0.0008233473541821261,0.0017782481774848665,0.00041083738651088026,-0.00041113800218327555,0.0017477411068181747,-0.0009445961136776596,0.0018922144687241477,0.001077201241769423,0.0019008118442487402,0.002474835206657224,-8.308355825400882e-05,0.001808459856310697,-0.0001829793889097691,-6.309155855173589e-05,0.0021700045775909617,2.456823582858808e-05,0.0007438166457758383,0.002171083726439066,0.0021117688644724433,0.0018055269266586329,0.0022049573220332473,0.001698560052907452,0.0004661803943864265,0.0018375587296949965,0.0013906884284162456,0.002651495591451246,0.0021208690748040016,0.0005129366399254985,0.0024108776138744353,0.0025864457640020757,0.002576196575741848,0.0009156723340436176,0.002155293518606443
